30

 28 27 25 22 18
 14 13 11 8 4
 26 25 23 20 16
 9 8 6 3 29
 20 19 17 14 10
 2 1 29 26 22
 10 9 7 4 30
 21 20 18 15 11
 3 2 30 27 23
 25 24 22 19 15
 11 10 8 5 1
 22 21 19 16 12
 30 29 27 24 20
 12 11 9 6 2
 4 3 1 28 24
 19 18 16 13 9
 27 26 24 21 17
 13 12 10 7 3
 5 4 2 29 25
 16 15 13 10 6
 24 23 21 18 14
 6 5 3 30 26
 18 17 15 12 8
 29 28 26 23 19
 17 16 14 11 7
 1 30 28 25 21
 8 7 5 2 28
 23 22 20 17 13
 7 6 4 1 27
 15 14 12 9 5

-1

 3 4 5 2 1
 2 3 4 5 1
 1 2 3 4 5
 3 4 2 1 5
 5 3 2 1 4
 1 2 3 4 5
 1 2 3 4 5
 3 2 1 4 5
 1 2 3 4 5
 1 2 3 4 5
 1 2 3 4 5
 2 3 4 5 1
 2 3 4 5 1
 3 4 5 2 1
 1 3 4 5 2
 2 1 5 3 4
 1 2 3 4 5
 5 3 4 2 1
 2 3 4 5 1
 1 2 4 3 5
 4 3 2 1 5
 3 5 4 2 1
 2 3 1 5 4
 3 4 5 2 1
 1 4 5 2 3
 1 2 3 4 5
 2 3 5 4 1
 2 1 3 5 4
 4 3 2 5 1
 4 3 5 2 1